frame_num =

   424   400   560   312   353


ans =

    0.8278    0.7825    0.6446    0.6731    0.8754


ans =

    0.9178    0.8046    0.9648    0.8529    0.8409


rate_array =

     []


frame_num =

    41    40    56    31    36


ans =

    0.7073    0.5750    0.2857    0.3548    0.6667


ans =

    1.0000    0.8824    0.9500    0.9000    0.9167


